-4.00000,	-3.60111,	-3.24654,	-2.93629,	-2.67036,	-2.44875,	-2.27147,	-2.13850,	-2.04986,	-2.00554,	-2.00554,	-2.04986,	-2.13850,	-2.27147,	-2.44875,	-2.67036,	-2.93629,	-3.24654,	-3.60111,	-4.00000
-3.60111,	-3.20222,	-2.84765,	-2.53740,	-2.27147,	-2.04986,	-1.87258,	-1.73961,	-1.65097,	-1.60665,	-1.60665,	-1.65097,	-1.73961,	-1.87258,	-2.04986,	-2.27147,	-2.53740,	-2.84765,	-3.20222,	-3.60111
-3.24654,	-2.84765,	-2.49307,	-2.18283,	-1.91690,	-1.69529,	-1.51801,	-1.38504,	-1.29640,	-1.25208,	-1.25208,	-1.29640,	-1.38504,	-1.51801,	-1.69529,	-1.91690,	-2.18283,	-2.49307,	-2.84765,	-3.24654
-2.93629,	-2.53740,	-2.18283,	-1.87258,	-1.60665,	-1.38504,	-1.20776,	-1.07479,	-0.98615,	-0.94183,	-0.94183,	-0.98615,	-1.07479,	-1.20776,	-1.38504,	-1.60665,	-1.87258,	-2.18283,	-2.53740,	-2.93629
-2.67036,	-2.27147,	-1.91690,	-1.60665,	-1.34072,	-1.11911,	-0.94183,	-0.80886,	-0.72022,	-0.67590,	-0.67590,	-0.72022,	-0.80886,	-0.94183,	-1.11911,	-1.34072,	-1.60665,	-1.91690,	-2.27147,	-2.67036
-2.44875,	-2.04986,	-1.69529,	-1.38504,	-1.11911,	-0.89751,	-0.72022,	-0.58726,	-0.49861,	-0.45429,	-0.45429,	-0.49861,	-0.58726,	-0.72022,	-0.89751,	-1.11911,	-1.38504,	-1.69529,	-2.04986,	-2.44875
-2.27147,	-1.87258,	-1.51801,	-1.20776,	-0.94183,	-0.72022,	-0.54294,	-0.40997,	-0.32133,	-0.27701,	-0.27701,	-0.32133,	-0.40997,	-0.54294,	-0.72022,	-0.94183,	-1.20776,	-1.51801,	-1.87258,	-2.27147
-2.13850,	-1.73961,	-1.38504,	-1.07479,	-0.80886,	-0.58726,	-0.40997,	-0.27701,	-0.18837,	-0.14404,	-0.14404,	-0.18837,	-0.27701,	-0.40997,	-0.58726,	-0.80886,	-1.07479,	-1.38504,	-1.73961,	-2.13850
-2.04986,	-1.65097,	-1.29640,	-0.98615,	-0.72022,	-0.49861,	-0.32133,	-0.18837,	-0.09972,	-0.05540,	-0.05540,	-0.09972,	-0.18837,	-0.32133,	-0.49861,	-0.72022,	-0.98615,	-1.29640,	-1.65097,	-2.04986
-2.00554,	-1.60665,	-1.25208,	-0.94183,	-0.67590,	-0.45429,	-0.27701,	-0.14404,	-0.05540,	-0.01108,	-0.01108,	-0.05540,	-0.14404,	-0.27701,	-0.45429,	-0.67590,	-0.94183,	-1.25208,	-1.60665,	-2.00554
-2.00554,	-1.60665,	-1.25208,	-0.94183,	-0.67590,	-0.45429,	-0.27701,	-0.14404,	-0.05540,	-0.01108,	-0.01108,	-0.05540,	-0.14404,	-0.27701,	-0.45429,	-0.67590,	-0.94183,	-1.25208,	-1.60665,	-2.00554
-2.04986,	-1.65097,	-1.29640,	-0.98615,	-0.72022,	-0.49861,	-0.32133,	-0.18837,	-0.09972,	-0.05540,	-0.05540,	-0.09972,	-0.18837,	-0.32133,	-0.49861,	-0.72022,	-0.98615,	-1.29640,	-1.65097,	-2.04986
-2.13850,	-1.73961,	-1.38504,	-1.07479,	-0.80886,	-0.58726,	-0.40997,	-0.27701,	-0.18837,	-0.14404,	-0.14404,	-0.18837,	-0.27701,	-0.40997,	-0.58726,	-0.80886,	-1.07479,	-1.38504,	-1.73961,	-2.13850
-2.27147,	-1.87258,	-1.51801,	-1.20776,	-0.94183,	-0.72022,	-0.54294,	-0.40997,	-0.32133,	-0.27701,	-0.27701,	-0.32133,	-0.40997,	-0.54294,	-0.72022,	-0.94183,	-1.20776,	-1.51801,	-1.87258,	-2.27147
-2.44875,	-2.04986,	-1.69529,	-1.38504,	-1.11911,	-0.89751,	-0.72022,	-0.58726,	-0.49861,	-0.45429,	-0.45429,	-0.49861,	-0.58726,	-0.72022,	-0.89751,	-1.11911,	-1.38504,	-1.69529,	-2.04986,	-2.44875
-2.67036,	-2.27147,	-1.91690,	-1.60665,	-1.34072,	-1.11911,	-0.94183,	-0.80886,	-0.72022,	-0.67590,	-0.67590,	-0.72022,	-0.80886,	-0.94183,	-1.11911,	-1.34072,	-1.60665,	-1.91690,	-2.27147,	-2.67036
-2.93629,	-2.53740,	-2.18283,	-1.87258,	-1.60665,	-1.38504,	-1.20776,	-1.07479,	-0.98615,	-0.94183,	-0.94183,	-0.98615,	-1.07479,	-1.20776,	-1.38504,	-1.60665,	-1.87258,	-2.18283,	-2.53740,	-2.93629
-3.24654,	-2.84765,	-2.49307,	-2.18283,	-1.91690,	-1.69529,	-1.51801,	-1.38504,	-1.29640,	-1.25208,	-1.25208,	-1.29640,	-1.38504,	-1.51801,	-1.69529,	-1.91690,	-2.18283,	-2.49307,	-2.84765,	-3.24654
-3.60111,	-3.20222,	-2.84765,	-2.53740,	-2.27147,	-2.04986,	-1.87258,	-1.73961,	-1.65097,	-1.60665,	-1.60665,	-1.65097,	-1.73961,	-1.87258,	-2.04986,	-2.27147,	-2.53740,	-2.84765,	-3.20222,	-3.60111
-4.00000,	-3.60111,	-3.24654,	-2.93629,	-2.67036,	-2.44875,	-2.27147,	-2.13850,	-2.04986,	-2.00554,	-2.00554,	-2.04986,	-2.13850,	-2.27147,	-2.44875,	-2.67036,	-2.93629,	-3.24654,	-3.60111,	-4.00000
